0.000000
4.991671
9.933467
14.776010
19.470917
23.971277
28.232124
32.210884
35.867805
39.166345
42.073549
44.560368
46.601954
48.177909
49.272486
49.874749
49.978680
49.583241
48.692382
47.315004
45.464871
43.160468
40.424820
37.285261
33.773159
29.923607
25.775069
21.368994
16.749408
11.962466
7.056000
2.079033
-2.918707
-7.887285
-12.777055
-17.539161
-22.126022
-26.491807
-30.592895
-34.388308
-37.840125
-40.913856
-43.578789
-45.808297
-47.580104
-48.876506
-49.684550
-49.996163
-49.808230
-49.122631
-47.946214
-46.290734
-44.172733
-41.613372
-38.638224
-35.277016
-31.563332
-27.534277
-23.230109
-18.693833
-13.970775
-9.108125
-4.154470
0.840695
5.827460
10.755999
15.577068
20.242496
24.705668
28.921988
32.849330
36.448452
39.683393
42.521831
44.935405
46.899999
48.395984
49.408412
49.927167
49.947067
49.467912
48.494491
47.036528
45.108592
42.729945
39.924356
36.719855
33.148462
29.245860
25.051043
20.605924
15.954918
11.144496
6.222721
1.238771
-3.757556
-8.716339
-13.588031
-18.323956
-22.876795
-27.201056
-31.253532
-34.993734
-38.384290
-41.391323
-43.984788
-46.138771
-47.831751
-49.046812
-49.771813
-49.999510
-49.727629
-48.958886
-47.700962
-45.966426
-43.772609
-41.141430
-38.099179
-34.676254
-30.906856
-26.828646
-22.482373
-17.911464
-13.161590
-8.280209
-3.316095
1.681152
6.661602
11.575491
16.373722
21.008352
25.433073
29.603676
33.478488
37.018794
40.189221
42.958091
45.297737
47.184783
48.600375
49.530368
49.965469
49.901333
49.338598
48.282889
46.744753
44.739559
42.287342
39.412603
36.144067
32.514392
28.559843
24.319934
19.837029
15.155918
10.323374
5.387683
0.398159
-4.595343
-9.542929
-14.395166
-19.103571
-23.621099
-27.902614
-31.905334
-35.589267
-38.917604
-41.857089
-44.378352
-46.456201
-48.069875
-49.203250
-49.845003
-49.988722
-49.632969
-48.781300
-47.442225
-45.629122
-43.360109
-40.657856
-37.549362
-34.065688
-30.241641
-26.115429
-21.728281
-17.124031
-12.348683
-7.449951
-2.476782
2.521134
7.493860
12.391710
17.165746
21.768268
26.153288
30.276993
34.098181
37.578671
40.683687
43.382205
45.647263
